0 125441
1 125443
2 125447
3 125451
4 125454
5 125457
6 125461
7 125466
8 125470
9 125474
10 125475
11 125478
12 125481
13 125482
14 125486
15 125490
16 125492
17 125495
18 125498
19 125501
20 125505
21 125508
22 125511
23 125513
24 125517
25 125520
26 125523
27 125525
28 125528
29 125531
30 125535
31 125539
32 125542
33 125545
34 125548
35 125552
36 125556
37 125559
38 125564
39 125567
40 125572
41 125574
42 125577
43 125580
44 125584
45 125588
46 125592
47 125596
48 125600
49 125603
50 125605
51 125608
52 125611
53 125614
54 125617
55 125621
56 125625
57 125629
58 125633
59 125636
60 125641
61 125645
62 125649
63 125653
64 125656
65 125659
66 125662
67 125665
68 125667
69 125669
70 125673
71 125676
72 125680
73 125683
74 125685
75 125689
76 125693
77 125695
78 125698
79 125701
80 125704
81 125708
82 125712
83 125716
84 125718
85 125721
86 125722
87 125726
88 125729
89 125732
90 125735
91 125739
92 125743
93 125747
94 125753
95 125754
96 125758
97 125761
98 125764
99 125767
100 125770
101 125773
102 125777
103 125781
104 125784
105 125788
106 125792
107 125796
108 125800
109 125804
110 125808
111 125811
112 125814
113 125819
114 125822
115 125826
116 125829
